        0
   0.0101
   0.0202
   0.0303
   0.0404
   0.0505
   0.0606
   0.0707
   0.0808
   0.0909
   0.1010
   0.1111
   0.1212
   0.1313
   0.1414
   0.1515
   0.1616
   0.1717
   0.1818
   0.1919
   0.2020
   0.2121
   0.2222
   0.2323
   0.2424
   0.2525
   0.2626
   0.2727
   0.2828
   0.2929
   0.3030
   0.3131
   0.3232
   0.3333
   0.3434
   0.3535
   0.3636
   0.3737
   0.3838
   0.3939
   0.4040
   0.4141
   0.4242
   0.4343
   0.4444
   0.4545
   0.4646
   0.4747
   0.4848
   0.4949
   0.5051
   0.5152
   0.5253
   0.5354
   0.5455
   0.5556
   0.5657
   0.5758
   0.5859
   0.5960
   0.6061
   0.6162
   0.6263
   0.6364
   0.6465
   0.6566
   0.6667
   0.6768
   0.6869
   0.6970
   0.7071
   0.7172
   0.7273
   0.7374
   0.7475
   0.7576
   0.7677
   0.7778
   0.7879
   0.7980
   0.8081
   0.8182
   0.8283
   0.8384
   0.8485
   0.8586
   0.8687
   0.8788
   0.8889
   0.8990
   0.9091
   0.9192
   0.9293
   0.9394
   0.9495
   0.9596
   0.9697
   0.9798
   0.9899
   1.0000

            0
   8.5976e-02
   1.6272e-01
   2.3112e-01
   2.9198e-01
   3.4602e-01
   3.9390e-01
   4.3621e-01
   4.7348e-01
   5.0620e-01
   5.3481e-01
   5.5970e-01
   5.8123e-01
   5.9972e-01
   6.1546e-01
   6.2872e-01
   6.3973e-01
   6.4872e-01
   6.5587e-01
   6.6136e-01
   6.6536e-01
   6.6800e-01
   6.6942e-01
   6.6973e-01
   6.6904e-01
   6.6745e-01
   6.6504e-01
   6.6189e-01
   6.5807e-01
   6.5365e-01
   6.4868e-01
   6.4322e-01
   6.3732e-01
   6.3101e-01
   6.2433e-01
   6.1733e-01
   6.1003e-01
   6.0246e-01
   5.9465e-01
   5.8662e-01
   5.7839e-01
   5.6998e-01
   5.6140e-01
   5.5268e-01
   5.4383e-01
   5.3486e-01
   5.2578e-01
   5.1660e-01
   5.0733e-01
   4.9799e-01
   4.8857e-01
   4.7908e-01
   4.6954e-01
   4.5994e-01
   4.5029e-01
   4.4060e-01
   4.3087e-01
   4.2111e-01
   4.1131e-01
   4.0149e-01
   3.9163e-01
   3.8176e-01
   3.7186e-01
   3.6194e-01
   3.5201e-01
   3.4206e-01
   3.3209e-01
   3.2211e-01
   3.1212e-01
   3.0212e-01
   2.9211e-01
   2.8209e-01
   2.7207e-01
   2.6203e-01
   2.5199e-01
   2.4195e-01
   2.3189e-01
   2.2184e-01
   2.1178e-01
   2.0171e-01
   1.9165e-01
   1.8158e-01
   1.7150e-01
   1.6143e-01
   1.5135e-01
   1.4127e-01
   1.3118e-01
   1.2110e-01
   1.1101e-01
   1.0093e-01
   9.0838e-02
   8.0748e-02
   7.0657e-02
   6.0565e-02
   5.0473e-02
   4.0380e-02
   3.0286e-02
   2.0191e-02
   1.0096e-02
   5.8886e-18

