   x      u
0.0000000000 0.0000000000
0.0010010010 0.0089591211
0.0020020020 0.0178190390
0.0030030030 0.0265807419
0.0040040040 0.0352452079
0.0050050050 0.0438134056
0.0060060060 0.0522862938
0.0070070070 0.0606648218
0.0080080080 0.0689499294
0.0090090090 0.0771425472
0.0100100100 0.0852435962
0.0110110110 0.0932539886
0.0120120120 0.1011746272
0.0130130130 0.1090064061
0.0140140140 0.1167502103
0.0150150150 0.1244069160
0.0160160160 0.1319773907
0.0170170170 0.1394624933
0.0180180180 0.1468630742
0.0190190190 0.1541799751
0.0200200200 0.1614140295
0.0210210210 0.1685660625
0.0220220220 0.1756368912
0.0230230230 0.1826273243
0.0240240240 0.1895381626
0.0250250250 0.1963701987
0.0260260260 0.2031242177
0.0270270270 0.2098009966
0.0280280280 0.2164013046
0.0290290290 0.2229259034
0.0300300300 0.2293755472
0.0310310310 0.2357509824
0.0320320320 0.2420529482
0.0330330330 0.2482821763
0.0340340340 0.2544393913
0.0350350350 0.2605253103
0.0360360360 0.2665406435
0.0370370370 0.2724860940
0.0380380380 0.2783623577
0.0390390390 0.2841701237
0.0400400400 0.2899100744
0.0410410410 0.2955828852
0.0420420420 0.3011892247
0.0430430430 0.3067297550
0.0440440440 0.3122051317
0.0450450450 0.3176160036
0.0460460460 0.3229630132
0.0470470470 0.3282467966
0.0480480480 0.3334679835
0.0490490490 0.3386271973
0.0500500501 0.3437250554
0.0510510511 0.3487621689
0.0520520521 0.3537391428
0.0530530531 0.3586565760
0.0540540541 0.3635150616
0.0550550551 0.3683151867
0.0560560561 0.3730575326
0.0570570571 0.3777426748
0.0580580581 0.3823711830
0.0590590591 0.3869436213
0.0600600601 0.3914605482
0.0610610611 0.3959225166
0.0620620621 0.4003300738
0.0630630631 0.4046837618
0.0640640641 0.4089841172
0.0650650651 0.4132316711
0.0660660661 0.4174269494
0.0670670671 0.4215704729
0.0680680681 0.4256627569
0.0690690691 0.4297043119
0.0700700701 0.4336956431
0.0710710711 0.4376372507
0.0720720721 0.4415296301
0.0730730731 0.4453732714
0.0740740741 0.4491686602
0.0750750751 0.4529162770
0.0760760761 0.4566165977
0.0770770771 0.4602700933
0.0780780781 0.4638772303
0.0790790791 0.4674384702
0.0800800801 0.4709542704
0.0810810811 0.4744250833
0.0820820821 0.4778513571
0.0830830831 0.4812335353
0.0840840841 0.4845720572
0.0850850851 0.4878673575
0.0860860861 0.4911198668
0.0870870871 0.4943300113
0.0880880881 0.4974982129
0.0890890891 0.5006248893
0.0900900901 0.5037104543
0.0910910911 0.5067553172
0.0920920921 0.5097598834
0.0930930931 0.5127245543
0.0940940941 0.5156497273
0.0950950951 0.5185357957
0.0960960961 0.5213831491
0.0970970971 0.5241921730
0.0980980981 0.5269632492
0.0990990991 0.5296967557
0.1001001001 0.5323930667
0.1011011011 0.5350525526
0.1021021021 0.5376755803
0.1031031031 0.5402625128
0.1041041041 0.5428137096
0.1051051051 0.5453295268
0.1061061061 0.5478103166
0.1071071071 0.5502564280
0.1081081081 0.5526682063
0.1091091091 0.5550459935
0.1101101101 0.5573901282
0.1111111111 0.5597009455
0.1121121121 0.5619787773
0.1131131131 0.5642239522
0.1141141141 0.5664367953
0.1151151151 0.5686176288
0.1161161161 0.5707667714
0.1171171171 0.5728845388
0.1181181181 0.5749712434
0.1191191191 0.5770271948
0.1201201201 0.5790526991
0.1211211211 0.5810480596
0.1221221221 0.5830135766
0.1231231231 0.5849495473
0.1241241241 0.5868562660
0.1251251251 0.5887340240
0.1261261261 0.5905831098
0.1271271271 0.5924038090
0.1281281281 0.5941964043
0.1291291291 0.5959611756
0.1301301301 0.5976984001
0.1311311311 0.5994083520
0.1321321321 0.6010913032
0.1331331331 0.6027475224
0.1341341341 0.6043772759
0.1351351351 0.6059808274
0.1361361361 0.6075584378
0.1371371371 0.6091103655
0.1381381381 0.6106368663
0.1391391391 0.6121381934
0.1401401401 0.6136145976
0.1411411411 0.6150663271
0.1421421421 0.6164936276
0.1431431431 0.6178967426
0.1441441441 0.6192759128
0.1451451451 0.6206313768
0.1461461461 0.6219633706
0.1471471471 0.6232721281
0.1481481481 0.6245578807
0.1491491491 0.6258208575
0.1501501502 0.6270612854
0.1511511512 0.6282793889
0.1521521522 0.6294753904
0.1531531532 0.6306495101
0.1541541542 0.6318019658
0.1551551552 0.6329329734
0.1561561562 0.6340427465
0.1571571572 0.6351314965
0.1581581582 0.6361994330
0.1591591592 0.6372467631
0.1601601602 0.6382736921
0.1611611612 0.6392804232
0.1621621622 0.6402671577
0.1631631632 0.6412340945
0.1641641642 0.6421814311
0.1651651652 0.6431093624
0.1661661662 0.6440180820
0.1671671672 0.6449077810
0.1681681682 0.6457786489
0.1691691692 0.6466308734
0.1701701702 0.6474646400
0.1711711712 0.6482801327
0.1721721722 0.6490775333
0.1731731732 0.6498570223
0.1741741742 0.6506187778
0.1751751752 0.6513629767
0.1761761762 0.6520897936
0.1771771772 0.6527994018
0.1781781782 0.6534919727
0.1791791792 0.6541676759
0.1801801802 0.6548266794
0.1811811812 0.6554691497
0.1821821822 0.6560952513
0.1831831832 0.6567051472
0.1841841842 0.6572989990
0.1851851852 0.6578769664
0.1861861862 0.6584392076
0.1871871872 0.6589858792
0.1881881882 0.6595171363
0.1891891892 0.6600331325
0.1901901902 0.6605340197
0.1911911912 0.6610199485
0.1921921922 0.6614910677
0.1931931932 0.6619475250
0.1941941942 0.6623894664
0.1951951952 0.6628170364
0.1961961962 0.6632303781
0.1971971972 0.6636296334
0.1981981982 0.6640149424
0.1991991992 0.6643864442
0.2002002002 0.6647442761
0.2012012012 0.6650885744
0.2022022022 0.6654194740
0.2032032032 0.6657371081
0.2042042042 0.6660416089
0.2052052052 0.6663331074
0.2062062062 0.6666117329
0.2072072072 0.6668776136
0.2082082082 0.6671308766
0.2092092092 0.6673716474
0.2102102102 0.6676000506
0.2112112112 0.6678162093
0.2122122122 0.6680202454
0.2132132132 0.6682122797
0.2142142142 0.6683924317
0.2152152152 0.6685608198
0.2162162162 0.6687175612
0.2172172172 0.6688627718
0.2182182182 0.6689965665
0.2192192192 0.6691190590
0.2202202202 0.6692303619
0.2212212212 0.6693305866
0.2222222222 0.6694198434
0.2232232232 0.6694982417
0.2242242242 0.6695658895
0.2252252252 0.6696228939
0.2262262262 0.6696693610
0.2272272272 0.6697053957
0.2282282282 0.6697311018
0.2292292292 0.6697465824
0.2302302302 0.6697519391
0.2312312312 0.6697472729
0.2322322322 0.6697326836
0.2332332332 0.6697082700
0.2342342342 0.6696741300
0.2352352352 0.6696303604
0.2362362362 0.6695770572
0.2372372372 0.6695143153
0.2382382382 0.6694422287
0.2392392392 0.6693608905
0.2402402402 0.6692703928
0.2412412412 0.6691708269
0.2422422422 0.6690622831
0.2432432432 0.6689448508
0.2442442442 0.6688186186
0.2452452452 0.6686836740
0.2462462462 0.6685401039
0.2472472472 0.6683879942
0.2482482482 0.6682274299
0.2492492492 0.6680584952
0.2502502503 0.6678812736
0.2512512513 0.6676958475
0.2522522523 0.6675022986
0.2532532533 0.6673007080
0.2542542543 0.6670911556
0.2552552553 0.6668737207
0.2562562563 0.6666484819
0.2572572573 0.6664155170
0.2582582583 0.6661749028
0.2592592593 0.6659267155
0.2602602603 0.6656710306
0.2612612613 0.6654079227
0.2622622623 0.6651374659
0.2632632633 0.6648597332
0.2642642643 0.6645747971
0.2652652653 0.6642827295
0.2662662663 0.6639836012
0.2672672673 0.6636774827
0.2682682683 0.6633644436
0.2692692693 0.6630445528
0.2702702703 0.6627178785
0.2712712713 0.6623844884
0.2722722723 0.6620444492
0.2732732733 0.6616978272
0.2742742743 0.6613446881
0.2752752753 0.6609850966
0.2762762763 0.6606191171
0.2772772773 0.6602468132
0.2782782783 0.6598682479
0.2792792793 0.6594834835
0.2802802803 0.6590925818
0.2812812813 0.6586956039
0.2822822823 0.6582926104
0.2832832833 0.6578836611
0.2842842843 0.6574688154
0.2852852853 0.6570481319
0.2862862863 0.6566216690
0.2872872873 0.6561894840
0.2882882883 0.6557516340
0.2892892893 0.6553081755
0.2902902903 0.6548591643
0.2912912913 0.6544046556
0.2922922923 0.6539447043
0.2932932933 0.6534793645
0.2942942943 0.6530086900
0.2952952953 0.6525327339
0.2962962963 0.6520515487
0.2972972973 0.6515651865
0.2982982983 0.6510736990
0.2992992993 0.6505771371
0.3003003003 0.6500755514
0.3013013013 0.6495689919
0.3023023023 0.6490575083
0.3033033033 0.6485411494
0.3043043043 0.6480199640
0.3053053053 0.6474940000
0.3063063063 0.6469633050
0.3073073073 0.6464279262
0.3083083083 0.6458879102
0.3093093093 0.6453433032
0.3103103103 0.6447941510
0.3113113113 0.6442404988
0.3123123123 0.6436823914
0.3133133133 0.6431198732
0.3143143143 0.6425529881
0.3153153153 0.6419817796
0.3163163163 0.6414062909
0.3173173173 0.6408265644
0.3183183183 0.6402426425
0.3193193193 0.6396545669
0.3203203203 0.6390623789
0.3213213213 0.6384661197
0.3223223223 0.6378658296
0.3233233233 0.6372615488
0.3243243243 0.6366533172
0.3253253253 0.6360411739
0.3263263263 0.6354251581
0.3273273273 0.6348053083
0.3283283283 0.6341816626
0.3293293293 0.6335542589
0.3303303303 0.6329231345
0.3313313313 0.6322883266
0.3323323323 0.6316498719
0.3333333333 0.6310078066
0.3343343343 0.6303621668
0.3353353353 0.6297129880
0.3363363363 0.6290603054
0.3373373373 0.6284041540
0.3383383383 0.6277445684
0.3393393393 0.6270815827
0.3403403403 0.6264152308
0.3413413413 0.6257455462
0.3423423423 0.6250725621
0.3433433433 0.6243963114
0.3443443443 0.6237168266
0.3453453453 0.6230341399
0.3463463463 0.6223482833
0.3473473473 0.6216592882
0.3483483483 0.6209671860
0.3493493493 0.6202720076
0.3503503504 0.6195737836
0.3513513514 0.6188725444
0.3523523524 0.6181683200
0.3533533534 0.6174611402
0.3543543544 0.6167510343
0.3553553554 0.6160380315
0.3563563564 0.6153221607
0.3573573574 0.6146034504
0.3583583584 0.6138819289
0.3593593594 0.6131576243
0.3603603604 0.6124305642
0.3613613614 0.6117007761
0.3623623624 0.6109682871
0.3633633634 0.6102331242
0.3643643644 0.6094953139
0.3653653654 0.6087548827
0.3663663664 0.6080118567
0.3673673674 0.6072662617
0.3683683684 0.6065181232
0.3693693694 0.6057674667
0.3703703704 0.6050143172
0.3713713714 0.6042586995
0.3723723724 0.6035006383
0.3733733734 0.6027401577
0.3743743744 0.6019772821
0.3753753754 0.6012120351
0.3763763764 0.6004444405
0.3773773774 0.5996745216
0.3783783784 0.5989023015
0.3793793794 0.5981278032
0.3803803804 0.5973510494
0.3813813814 0.5965720625
0.3823823824 0.5957908648
0.3833833834 0.5950074783
0.3843843844 0.5942219248
0.3853853854 0.5934342258
0.3863863864 0.5926444028
0.3873873874 0.5918524769
0.3883883884 0.5910584691
0.3893893894 0.5902624000
0.3903903904 0.5894642903
0.3913913914 0.5886641602
0.3923923924 0.5878620298
0.3933933934 0.5870579192
0.3943943944 0.5862518479
0.3953953954 0.5854438356
0.3963963964 0.5846339016
0.3973973974 0.5838220650
0.3983983984 0.5830083447
0.3993993994 0.5821927596
0.4004004004 0.5813753281
0.4014014014 0.5805560688
0.4024024024 0.5797349997
0.4034034034 0.5789121390
0.4044044044 0.5780875044
0.4054054054 0.5772611136
0.4064064064 0.5764329842
0.4074074074 0.5756031334
0.4084084084 0.5747715783
0.4094094094 0.5739383361
0.4104104104 0.5731034234
0.4114114114 0.5722668569
0.4124124124 0.5714286531
0.4134134134 0.5705888282
0.4144144144 0.5697473985
0.4154154154 0.5689043799
0.4164164164 0.5680597882
0.4174174174 0.5672136392
0.4184184184 0.5663659482
0.4194194194 0.5655167307
0.4204204204 0.5646660019
0.4214214214 0.5638137769
0.4224224224 0.5629600704
0.4234234234 0.5621048974
0.4244244244 0.5612482723
0.4254254254 0.5603902097
0.4264264264 0.5595307239
0.4274274274 0.5586698290
0.4284284284 0.5578075391
0.4294294294 0.5569438681
0.4304304304 0.5560788298
0.4314314314 0.5552124376
0.4324324324 0.5543447053
0.4334334334 0.5534756460
0.4344344344 0.5526052730
0.4354354354 0.5517335994
0.4364364364 0.5508606381
0.4374374374 0.5499864020
0.4384384384 0.5491109038
0.4394394394 0.5482341560
0.4404404404 0.5473561711
0.4414414414 0.5464769614
0.4424424424 0.5455965391
0.4434434434 0.5447149162
0.4444444444 0.5438321048
0.4454454454 0.5429481167
0.4464464464 0.5420629636
0.4474474474 0.5411766571
0.4484484484 0.5402892086
0.4494494494 0.5394006297
0.4504504505 0.5385109314
0.4514514515 0.5376201250
0.4524524525 0.5367282216
0.4534534535 0.5358352319
0.4544544545 0.5349411669
0.4554554555 0.5340460373
0.4564564565 0.5331498536
0.4574574575 0.5322526264
0.4584584585 0.5313543661
0.4594594595 0.5304550829
0.4604604605 0.5295547870
0.4614614615 0.5286534886
0.4624624625 0.5277511975
0.4634634635 0.5268479238
0.4644644645 0.5259436771
0.4654654655 0.5250384672
0.4664664665 0.5241323037
0.4674674675 0.5232251961
0.4684684685 0.5223171537
0.4694694695 0.5214081859
0.4704704705 0.5204983018
0.4714714715 0.5195875108
0.4724724725 0.5186758216
0.4734734735 0.5177632434
0.4744744745 0.5168497849
0.4754754755 0.5159354549
0.4764764765 0.5150202622
0.4774774775 0.5141042152
0.4784784785 0.5131873225
0.4794794795 0.5122695926
0.4804804805 0.5113510337
0.4814814815 0.5104316542
0.4824824825 0.5095114621
0.4834834835 0.5085904657
0.4844844845 0.5076686728
0.4854854855 0.5067460915
0.4864864865 0.5058227296
0.4874874875 0.5048985948
0.4884884885 0.5039736949
0.4894894895 0.5030480374
0.4904904905 0.5021216300
0.4914914915 0.5011944801
0.4924924925 0.5002665951
0.4934934935 0.4993379823
0.4944944945 0.4984086489
0.4954954955 0.4974786022
0.4964964965 0.4965478492
0.4974974975 0.4956163970
0.4984984985 0.4946842526
0.4994994995 0.4937514228
0.5005005005 0.4928179144
0.5015015015 0.4918837343
0.5025025025 0.4909488890
0.5035035035 0.4900133853
0.5045045045 0.4890772298
0.5055055055 0.4881404287
0.5065065065 0.4872029888
0.5075075075 0.4862649161
0.5085085085 0.4853262172
0.5095095095 0.4843868982
0.5105105105 0.4834469653
0.5115115115 0.4825064246
0.5125125125 0.4815652821
0.5135135135 0.4806235440
0.5145145145 0.4796812160
0.5155155155 0.4787383040
0.5165165165 0.4777948140
0.5175175175 0.4768507516
0.5185185185 0.4759061225
0.5195195195 0.4749609324
0.5205205205 0.4740151869
0.5215215215 0.4730688915
0.5225225225 0.4721220517
0.5235235235 0.4711746728
0.5245245245 0.4702267604
0.5255255255 0.4692783196
0.5265265265 0.4683293558
0.5275275275 0.4673798741
0.5285285285 0.4664298798
0.5295295295 0.4654793779
0.5305305305 0.4645283734
0.5315315315 0.4635768715
0.5325325325 0.4626248769
0.5335335335 0.4616723948
0.5345345345 0.4607194298
0.5355355355 0.4597659868
0.5365365365 0.4588120706
0.5375375375 0.4578576859
0.5385385385 0.4569028373
0.5395395395 0.4559475296
0.5405405405 0.4549917671
0.5415415415 0.4540355545
0.5425425425 0.4530788963
0.5435435435 0.4521217969
0.5445445445 0.4511642607
0.5455455455 0.4502062920
0.5465465465 0.4492478951
0.5475475475 0.4482890744
0.5485485485 0.4473298340
0.5495495495 0.4463701781
0.5505505506 0.4454101109
0.5515515516 0.4444496364
0.5525525526 0.4434887587
0.5535535536 0.4425274819
0.5545545546 0.4415658098
0.5555555556 0.4406037465
0.5565565566 0.4396412958
0.5575575576 0.4386784616
0.5585585586 0.4377152477
0.5595595596 0.4367516579
0.5605605606 0.4357876959
0.5615615616 0.4348233655
0.5625625626 0.4338586703
0.5635635636 0.4328936139
0.5645645646 0.4319281999
0.5655655656 0.4309624320
0.5665665666 0.4299963136
0.5675675676 0.4290298482
0.5685685686 0.4280630393
0.5695695696 0.4270958903
0.5705705706 0.4261284046
0.5715715716 0.4251605855
0.5725725726 0.4241924363
0.5735735736 0.4232239605
0.5745745746 0.4222551611
0.5755755756 0.4212860414
0.5765765766 0.4203166047
0.5775775776 0.4193468540
0.5785785786 0.4183767925
0.5795795796 0.4174064233
0.5805805806 0.4164357495
0.5815815816 0.4154647740
0.5825825826 0.4144935000
0.5835835836 0.4135219303
0.5845845846 0.4125500679
0.5855855856 0.4115779158
0.5865865866 0.4106054768
0.5875875876 0.4096327537
0.5885885886 0.4086597495
0.5895895896 0.4076864668
0.5905905906 0.4067129086
0.5915915916 0.4057390774
0.5925925926 0.4047649761
0.5935935936 0.4037906074
0.5945945946 0.4028159738
0.5955955956 0.4018410780
0.5965965966 0.4008659227
0.5975975976 0.3998905104
0.5985985986 0.3989148437
0.5995995996 0.3979389252
0.6006006006 0.3969627572
0.6016016016 0.3959863424
0.6026026026 0.3950096831
0.6036036036 0.3940327819
0.6046046046 0.3930556411
0.6056056056 0.3920782630
0.6066066066 0.3911006502
0.6076076076 0.3901228048
0.6086086086 0.3891447293
0.6096096096 0.3881664259
0.6106106106 0.3871878968
0.6116116116 0.3862091444
0.6126126126 0.3852301708
0.6136136136 0.3842509783
0.6146146146 0.3832715691
0.6156156156 0.3822919452
0.6166166166 0.3813121089
0.6176176176 0.3803320622
0.6186186186 0.3793518073
0.6196196196 0.3783713462
0.6206206206 0.3773906809
0.6216216216 0.3764098136
0.6226226226 0.3754287462
0.6236236236 0.3744474807
0.6246246246 0.3734660191
0.6256256256 0.3724843633
0.6266266266 0.3715025153
0.6276276276 0.3705204770
0.6286286286 0.3695382503
0.6296296296 0.3685558370
0.6306306306 0.3675732390
0.6316316316 0.3665904582
0.6326326326 0.3656074964
0.6336336336 0.3646243554
0.6346346346 0.3636410369
0.6356356356 0.3626575428
0.6366366366 0.3616738747
0.6376376376 0.3606900345
0.6386386386 0.3597060238
0.6396396396 0.3587218443
0.6406406406 0.3577374977
0.6416416416 0.3567529857
0.6426426426 0.3557683099
0.6436436436 0.3547834720
0.6446446446 0.3537984735
0.6456456456 0.3528133162
0.6466466466 0.3518280014
0.6476476476 0.3508425309
0.6486486486 0.3498569061
0.6496496496 0.3488711287
0.6506506507 0.3478852000
0.6516516517 0.3468991217
0.6526526527 0.3459128953
0.6536536537 0.3449265221
0.6546546547 0.3439400036
0.6556556557 0.3429533414
0.6566566567 0.3419665368
0.6576576577 0.3409795913
0.6586586587 0.3399925063
0.6596596597 0.3390052830
0.6606606607 0.3380179230
0.6616616617 0.3370304276
0.6626626627 0.3360427982
0.6636636637 0.3350550360
0.6646646647 0.3340671424
0.6656656657 0.3330791187
0.6666666667 0.3320909662
0.6676676677 0.3311026861
0.6686686687 0.3301142799
0.6696696697 0.3291257486
0.6706706707 0.3281370936
0.6716716717 0.3271483160
0.6726726727 0.3261594172
0.6736736737 0.3251703983
0.6746746747 0.3241812605
0.6756756757 0.3231920050
0.6766766767 0.3222026330
0.6776776777 0.3212131456
0.6786786787 0.3202235439
0.6796796797 0.3192338292
0.6806806807 0.3182440025
0.6816816817 0.3172540650
0.6826826827 0.3162640177
0.6836836837 0.3152738618
0.6846846847 0.3142835984
0.6856856857 0.3132932284
0.6866866867 0.3123027530
0.6876876877 0.3113121732
0.6886886887 0.3103214901
0.6896896897 0.3093307046
0.6906906907 0.3083398179
0.6916916917 0.3073488309
0.6926926927 0.3063577445
0.6936936937 0.3053665599
0.6946946947 0.3043752780
0.6956956957 0.3033838997
0.6966966967 0.3023924261
0.6976976977 0.3014008579
0.6986986987 0.3004091963
0.6996996997 0.2994174422
0.7007007007 0.2984255963
0.7017017017 0.2974336598
0.7027027027 0.2964416334
0.7037037037 0.2954495181
0.7047047047 0.2944573147
0.7057057057 0.2934650241
0.7067067067 0.2924726473
0.7077077077 0.2914801850
0.7087087087 0.2904876381
0.7097097097 0.2894950075
0.7107107107 0.2885022939
0.7117117117 0.2875094983
0.7127127127 0.2865166213
0.7137137137 0.2855236639
0.7147147147 0.2845306269
0.7157157157 0.2835375110
0.7167167167 0.2825443170
0.7177177177 0.2815510457
0.7187187187 0.2805576978
0.7197197197 0.2795642742
0.7207207207 0.2785707756
0.7217217217 0.2775772027
0.7227227227 0.2765835563
0.7237237237 0.2755898370
0.7247247247 0.2745960457
0.7257257257 0.2736021830
0.7267267267 0.2726082497
0.7277277277 0.2716142465
0.7287287287 0.2706201740
0.7297297297 0.2696260329
0.7307307307 0.2686318240
0.7317317317 0.2676375479
0.7327327327 0.2666432052
0.7337337337 0.2656487967
0.7347347347 0.2646543230
0.7357357357 0.2636597847
0.7367367367 0.2626651825
0.7377377377 0.2616705170
0.7387387387 0.2606757889
0.7397397397 0.2596809987
0.7407407407 0.2586861471
0.7417417417 0.2576912348
0.7427427427 0.2566962622
0.7437437437 0.2557012301
0.7447447447 0.2547061389
0.7457457457 0.2537109894
0.7467467467 0.2527157820
0.7477477477 0.2517205174
0.7487487487 0.2507251961
0.7497497497 0.2497298186
0.7507507508 0.2487343856
0.7517517518 0.2477388977
0.7527527528 0.2467433552
0.7537537538 0.2457477588
0.7547547548 0.2447521091
0.7557557558 0.2437564065
0.7567567568 0.2427606516
0.7577577578 0.2417648449
0.7587587588 0.2407689869
0.7597597598 0.2397730781
0.7607607608 0.2387771191
0.7617617618 0.2377811103
0.7627627628 0.2367850522
0.7637637638 0.2357889454
0.7647647648 0.2347927902
0.7657657658 0.2337965873
0.7667667668 0.2328003370
0.7677677678 0.2318040398
0.7687687688 0.2308076963
0.7697697698 0.2298113068
0.7707707708 0.2288148718
0.7717717718 0.2278183918
0.7727727728 0.2268218673
0.7737737738 0.2258252986
0.7747747748 0.2248286862
0.7757757758 0.2238320305
0.7767767768 0.2228353320
0.7777777778 0.2218385912
0.7787787788 0.2208418083
0.7797797798 0.2198449839
0.7807807808 0.2188481183
0.7817817818 0.2178512120
0.7827827828 0.2168542654
0.7837837838 0.2158572788
0.7847847848 0.2148602527
0.7857857858 0.2138631875
0.7867867868 0.2128660835
0.7877877878 0.2118689412
0.7887887888 0.2108717608
0.7897897898 0.2098745429
0.7907907908 0.2088772878
0.7917917918 0.2078799958
0.7927927928 0.2068826673
0.7937937938 0.2058853026
0.7947947948 0.2048879022
0.7957957958 0.2038904664
0.7967967968 0.2028929956
0.7977977978 0.2018954900
0.7987987988 0.2008979501
0.7997997998 0.1999003762
0.8008008008 0.1989027685
0.8018018018 0.1979051276
0.8028028028 0.1969074536
0.8038038038 0.1959097469
0.8048048048 0.1949120079
0.8058058058 0.1939142368
0.8068068068 0.1929164340
0.8078078078 0.1919185998
0.8088088088 0.1909207346
0.8098098098 0.1899228385
0.8108108108 0.1889249120
0.8118118118 0.1879269553
0.8128128128 0.1869289687
0.8138138138 0.1859309526
0.8148148148 0.1849329072
0.8158158158 0.1839348328
0.8168168168 0.1829367297
0.8178178178 0.1819385982
0.8188188188 0.1809404385
0.8198198198 0.1799422511
0.8208208208 0.1789440360
0.8218218218 0.1779457937
0.8228228228 0.1769475243
0.8238238238 0.1759492282
0.8248248248 0.1749509055
0.8258258258 0.1739525567
0.8268268268 0.1729541819
0.8278278278 0.1719557814
0.8288288288 0.1709573554
0.8298298298 0.1699589043
0.8308308308 0.1689604282
0.8318318318 0.1679619274
0.8328328328 0.1669634022
0.8338338338 0.1659648527
0.8348348348 0.1649662793
0.8358358358 0.1639676822
0.8368368368 0.1629690616
0.8378378378 0.1619704177
0.8388388388 0.1609717508
0.8398398398 0.1599730611
0.8408408408 0.1589743488
0.8418418418 0.1579756142
0.8428428428 0.1569768575
0.8438438438 0.1559780788
0.8448448448 0.1549792785
0.8458458458 0.1539804567
0.8468468468 0.1529816137
0.8478478478 0.1519827496
0.8488488488 0.1509838647
0.8498498498 0.1499849592
0.8508508509 0.1489860332
0.8518518519 0.1479870871
0.8528528529 0.1469881209
0.8538538539 0.1459891349
0.8548548549 0.1449901293
0.8558558559 0.1439911042
0.8568568569 0.1429920600
0.8578578579 0.1419929967
0.8588588589 0.1409939145
0.8598598599 0.1399948137
0.8608608609 0.1389956945
0.8618618619 0.1379965569
0.8628628629 0.1369974012
0.8638638639 0.1359982276
0.8648648649 0.1349990363
0.8658658659 0.1339998274
0.8668668669 0.1330006010
0.8678678679 0.1320013575
0.8688688689 0.1310020969
0.8698698699 0.1300028194
0.8708708709 0.1290035252
0.8718718719 0.1280042145
0.8728728729 0.1270048874
0.8738738739 0.1260055441
0.8748748749 0.1250061847
0.8758758759 0.1240068094
0.8768768769 0.1230074183
0.8778778779 0.1220080117
0.8788788789 0.1210085897
0.8798798799 0.1200091524
0.8808808809 0.1190096999
0.8818818819 0.1180102325
0.8828828829 0.1170107503
0.8838838839 0.1160112534
0.8848848849 0.1150117419
0.8858858859 0.1140122161
0.8868868869 0.1130126761
0.8878878879 0.1120131219
0.8888888889 0.1110135538
0.8898898899 0.1100139719
0.8908908909 0.1090143762
0.8918918919 0.1080147671
0.8928928929 0.1070151445
0.8938938939 0.1060155087
0.8948948949 0.1050158597
0.8958958959 0.1040161977
0.8968968969 0.1030165228
0.8978978979 0.1020168351
0.8988988989 0.1010171349
0.8998998999 0.1000174221
0.9009009009 0.0990176969
0.9019019019 0.0980179595
0.9029029029 0.0970182100
0.9039039039 0.0960184484
0.9049049049 0.0950186750
0.9059059059 0.0940188898
0.9069069069 0.0930190929
0.9079079079 0.0920192845
0.9089089089 0.0910194646
0.9099099099 0.0900196335
0.9109109109 0.0890197911
0.9119119119 0.0880199377
0.9129129129 0.0870200733
0.9139139139 0.0860201980
0.9149149149 0.0850203119
0.9159159159 0.0840204152
0.9169169169 0.0830205080
0.9179179179 0.0820205903
0.9189189189 0.0810206623
0.9199199199 0.0800207240
0.9209209209 0.0790207756
0.9219219219 0.0780208172
0.9229229229 0.0770208489
0.9239239239 0.0760208707
0.9249249249 0.0750208828
0.9259259259 0.0740208852
0.9269269269 0.0730208781
0.9279279279 0.0720208616
0.9289289289 0.0710208357
0.9299299299 0.0700208005
0.9309309309 0.0690207562
0.9319319319 0.0680207028
0.9329329329 0.0670206404
0.9339339339 0.0660205691
0.9349349349 0.0650204890
0.9359359359 0.0640204002
0.9369369369 0.0630203028
0.9379379379 0.0620201968
0.9389389389 0.0610200823
0.9399399399 0.0600199595
0.9409409409 0.0590198284
0.9419419419 0.0580196890
0.9429429429 0.0570195416
0.9439439439 0.0560193861
0.9449449449 0.0550192226
0.9459459459 0.0540190512
0.9469469469 0.0530188720
0.9479479479 0.0520186851
0.9489489489 0.0510184906
0.9499499499 0.0500182884
0.9509509510 0.0490180788
0.9519519520 0.0480178617
0.9529529530 0.0470176372
0.9539539540 0.0460174055
0.9549549550 0.0450171666
0.9559559560 0.0440169205
0.9569569570 0.0430166674
0.9579579580 0.0420164073
0.9589589590 0.0410161402
0.9599599600 0.0400158663
0.9609609610 0.0390155856
0.9619619620 0.0380152982
0.9629629630 0.0370150041
0.9639639640 0.0360147034
0.9649649650 0.0350143962
0.9659659660 0.0340140826
0.9669669670 0.0330137625
0.9679679680 0.0320134362
0.9689689690 0.0310131035
0.9699699700 0.0300127647
0.9709709710 0.0290124197
0.9719719720 0.0280120686
0.9729729730 0.0270117116
0.9739739740 0.0260113485
0.9749749750 0.0250109796
0.9759759760 0.0240106048
0.9769769770 0.0230102242
0.9779779780 0.0220098379
0.9789789790 0.0210094459
0.9799799800 0.0200090483
0.9809809810 0.0190086452
0.9819819820 0.0180082366
0.9829829830 0.0170078225
0.9839839840 0.0160074030
0.9849849850 0.0150069782
0.9859859860 0.0140065480
0.9869869870 0.0130061127
0.9879879880 0.0120056722
0.9889889890 0.0110052265
0.9899899900 0.0100047758
0.9909909910 0.0090043200
0.9919919920 0.0080038593
0.9929929930 0.0070033936
0.9939939940 0.0060029231
0.9949949950 0.0050024477
0.9959959960 0.0040019675
0.9969969970 0.0030014826
0.9979979980 0.0020009930
0.9989989990 0.0010004988
1.0000000000 0.0000000000
